-121.84411326663988,38.73987080980345,-121.82635635366184,38.75342714027362,C:\dev\LasReaderApp\Data\0908n0308e5k.las
-121.82658111884533,38.739696121640634,-121.8088209671776,38.753249736617796,C:\dev\LasReaderApp\Data\0908n0310e5k.las
-121.80904908917638,38.73951880449796,-121.7912857362851,38.75306970311654,C:\dev\LasReaderApp\Data\0908n0312e5k.las
-121.79151721498404,38.739338858791974,-121.77375066327241,38.75288703984075,C:\dev\LasReaderApp\Data\0908n0314e5k.las
-121.7739854985545,38.73915628459352,-121.75621575042732,38.75270174686235,C:\dev\LasReaderApp\Data\0908n0316e5k.las
-121.75645394217395,38.73897108197448,-121.73868100003747,38.75251382425432,C:\dev\LasReaderApp\Data\0908n0318e5k.las
-121.73892254812833,38.738783251007774,-121.72114641439052,38.752323272090656,C:\dev\LasReaderApp\Data\0908n0320e5k.las
-121.7213913187036,38.73859279176733,-121.70361199577383,38.752130090446386,C:\dev\LasReaderApp\Data\0908n0322e5k.las
-121.70386025618544,38.73839970432812,-121.68607774647475,38.75193427939758,C:\dev\LasReaderApp\Data\0908n0324e5k.las
-121.68632936285948,38.73820398876615,-121.66854366878042,38.75173583902133,C:\dev\LasReaderApp\Data\0908n0326e5k.las
-121.66879864101118,38.73800564515848,-121.65100976497787,38.75153476939578,C:\dev\LasReaderApp\Data\0908n0328e5k.las
-121.65126809292592,38.737804673583184,-121.63347603735394,38.7513310706001,C:\dev\LasReaderApp\Data\0908n0330e5k.las
-121.63373772088882,38.73760107411936,-121.61594248819544,38.75112474271449,C:\dev\LasReaderApp\Data\0908n0332e5k.las
-121.61620752718493,38.73739484684715,-121.59840911978885,38.750915785820176,C:\dev\LasReaderApp\Data\0908n0334e5k.las
-121.59867751409917,38.73718599184773,-121.58087593442067,38.75070419999944,C:\dev\LasReaderApp\Data\0908n0336e5k.las
-121.58114768391623,38.73697450920332,-121.56334293437716,38.750489985335584,C:\dev\LasReaderApp\Data\0908n0338e5k.las
-121.56361803892077,38.73676039899715,-121.5458101219445,38.75027314191294,C:\dev\LasReaderApp\Data\0908n0340e5k.las
-121.54608858139716,38.736543661313476,-121.52827749940863,38.75005366981688,C:\dev\LasReaderApp\Data\0908n0342e5k.las
-121.5285593136298,38.736324296237626,-121.51074506905536,38.749831569133804,C:\dev\LasReaderApp\Data\0908n0344e5k.las
-121.51103023790272,38.73610230385593,-121.49321283317036,38.74960683995115,C:\dev\LasReaderApp\Data\0908n0346e5k.las
-121.49350135649992,38.735877684255755,-121.47568079403918,38.749379482357384,C:\dev\LasReaderApp\Data\0908n0348e5k.las
-121.47597267170525,38.73565043752551,-121.45814895394713,38.74914949644201,C:\dev\LasReaderApp\Data\0908n0350e5k.las
-121.45844418580236,38.73542056375461,-121.44061731517941,38.74891688229555,C:\dev\LasReaderApp\Data\0908n0352e5k.las
-121.44091590107473,38.73518806303354,-121.42308588002098,38.74868164000959,C:\dev\LasReaderApp\Data\0908n0354e5k.las
-121.42338781980567,38.734952935453784,-121.40555465075681,38.74844376967671,C:\dev\LasReaderApp\Data\0908n0356e5k.las
-121.40585994427835,38.73471518110788,-121.38802362967147,38.748203271390565,C:\dev\LasReaderApp\Data\0908n0358e5k.las
-121.38833227677578,38.734474800089394,-121.3704928190495,38.747960145245806,C:\dev\LasReaderApp\Data\0908n0360e5k.las
-121.37080481958081,38.73423179249289,-121.35296222117526,38.74771439133812,C:\dev\LasReaderApp\Data\0908n0362e5k.las
-121.35327757497602,38.73398615841403,-121.33543183833287,38.74746600976425,C:\dev\LasReaderApp\Data\0908n0364e5k.las
-121.33575054524391,38.73373789794944,-121.31790167280639,38.74721500062195,C:\dev\LasReaderApp\Data\0908n0366e5k.las
-121.31822373266678,38.73348701119682,-121.30037172687953,38.746961364010005,C:\dev\LasReaderApp\Data\0908n0368e5k.las
-121.30069713952678,38.73323349825488,-121.28284200283603,38.74670510002825,C:\dev\LasReaderApp\Data\0908n0370e5k.las
-121.2831707681058,38.732977359223376,-121.2682962533221,38.746490461227815,C:\dev\LasReaderApp\Data\0908n0372e5k.las
-121.68607764076631,38.75193430567541,-121.6682884875973,38.7654659987262,C:\dev\LasReaderApp\Data\0910n0326e5k.las
-121.66854363320226,38.751735866082214,-121.6507512252737,38.76526485846824,C:\dev\LasReaderApp\Data\0910n0328e5k.las
-121.65100972939334,38.75153479645121,-121.63321413976989,38.76506106029773,C:\dev\LasReaderApp\Data\0910n0330e5k.las
-121.63347600176306,38.75133109765007,-121.61567723286376,38.764854631755234,C:\dev\LasReaderApp\Data\0910n0332e5k.las
-121.61594245259818,38.751124769759,-121.59814050684362,38.764645572922085,C:\dev\LasReaderApp\Data\0910n0334e5k.las
-121.59840908418526,38.75091581285923,-121.58060396399756,38.7644338838806,C:\dev\LasReaderApp\Data\0910n0336e5k.las
-121.58087589881073,38.75070422703303,-121.56306760661356,38.76421956471414,C:\dev\LasReaderApp\Data\0910n0338e5k.las
-121.56334289876088,38.75049001236371,-121.54553143697947,38.7640026155071,C:\dev\LasReaderApp\Data\0910n0340e5k.las
-121.54581008632188,38.7502731689356,-121.52799545738293,38.76378303634494,C:\dev\LasReaderApp\Data\0910n0342e5k.las
-121.52827746377967,38.75005369683407,-121.51045967011147,38.7635608273141,C:\dev\LasReaderApp\Data\0910n0344e5k.las
-121.51074503342008,38.74983159614552,-121.49292407745249,38.7633359885021,C:\dev\LasReaderApp\Data\0910n0346e5k.las
-121.49321279752877,38.749606866957386,-121.47538868169313,38.76310851999747,C:\dev\LasReaderApp\Data\0910n0348e5k.las
-121.47568075839126,38.749379509358135,-121.45785348512045,38.76287842188977,C:\dev\LasReaderApp\Data\0910n0350e5k.las
-121.4581489182929,38.74914952343728,-121.44031849002131,38.76264569426962,C:\dev\LasReaderApp\Data\0910n0352e5k.las
-121.44061727951888,38.74891690928535,-121.42278369868245,38.762410337228644,C:\dev\LasReaderApp\Data\0910n0354e5k.las
-121.42308584435419,38.748681666993896,-121.40524911339033,38.76217235085952,C:\dev\LasReaderApp\Data\0910n0356e5k.las
-121.40555461508367,38.748443796655536,-121.38771473643145,38.76193173525594,C:\dev\LasReaderApp\Data\0910n0358e5k.las
-121.38802359399205,38.7482032983639,-121.37018057009189,38.761688490512654,C:\dev\LasReaderApp\Data\0910n0360e5k.las
-121.37049278336379,38.747960172213645,-121.35264661665775,38.761442616725404,C:\dev\LasReaderApp\Data\0910n0362e5k.las
-121.35296218548328,38.74771441830046,-121.33511287841485,38.761194113991024,C:\dev\LasReaderApp\Data\0910n0364e5k.las
-121.33543180263464,38.74746603672109,-121.3175793576489,38.76094298240732,C:\dev\LasReaderApp\Data\0910n0366e5k.las
-121.31790163710185,38.74721502757329,-121.30004605664533,38.76068922207319,C:\dev\LasReaderApp\Data\0910n0368e5k.las
-121.30037169116875,38.74696139095585,-121.28251297768954,38.7604328330885,C:\dev\LasReaderApp\Data\0910n0370e5k.las
-121.28284196711898,38.74670512696859,-121.26498012306662,38.760173815554204,C:\dev\LasReaderApp\Data\0910n0372e5k.las
-121.26514024029677,38.75356054480519,-121.26426892142042,38.757001585701765,C:\dev\LasReaderApp\Data\0910n0374e5k.las
-121.68582581719156,38.76566458965057,-121.6680331323941,38.77919612466783,C:\dev\LasReaderApp\Data\0912n0326e5k.las
-121.66828845150151,38.76546605324717,-121.65049250926019,38.77899491374028,C:\dev\LasReaderApp\Data\0912n0328e5k.las
-121.65075118968208,38.76526488552342,-121.63295206358808,38.778791016157356,C:\dev\LasReaderApp\Data\0912n0330e5k.las
-121.63321410417194,38.76506108734744,-121.61541179664611,38.778584486919954,C:\dev\LasReaderApp\Data\0912n0332e5k.las
-121.61567719725946,38.76485465879949,-121.59787171072425,38.77837532610943,C:\dev\LasReaderApp\Data\0912n0334e5k.las
-121.59814047123292,38.76464559996088,-121.58033180811232,38.77816353380817,C:\dev\LasReaderApp\Data\0912n0336e5k.las
-121.58060392838051,38.764433910913915,-121.5627920911,38.77794911009963,C:\dev\LasReaderApp\Data\0912n0338e5k.las
-121.5630675709902,38.764219591742,-121.54525256197684,38.77773205506822,C:\dev\LasReaderApp\Data\0912n0340e5k.las
-121.54553140134975,38.76400264252949,-121.52771322303217,38.77751236879949,C:\dev\LasReaderApp\Data\0912n0342e5k.las
-121.5279954217469,38.76378306336185,-121.51017407655516,38.77729005137995,C:\dev\LasReaderApp\Data\0912n0344e5k.las
-121.51045963446911,38.76356085432553,-121.49263512483495,38.77706510289718,C:\dev\LasReaderApp\Data\0912n0346e5k.las
-121.49292404180379,38.76333601550806,-121.47509637016039,38.776837523439774,C:\dev\LasReaderApp\Data\0912n0348e5k.las
-121.47538864603811,38.76310854699794,-121.45755781482018,38.77660731309737,C:\dev\LasReaderApp\Data\0912n0350e5k.las
-121.4578534494591,38.76287844888476,-121.44001946110292,38.77637447196064,C:\dev\LasReaderApp\Data\0912n0352e5k.las
-121.44031845435366,38.76264572125913,-121.42248131129702,38.77613900012129,C:\dev\LasReaderApp\Data\0912n0354e5k.las
-121.42278366300846,38.76241036421266,-121.40494336769072,38.77590089767206,C:\dev\LasReaderApp\Data\0912n0356e5k.las
-121.40524907771011,38.76217237783805,-121.38740563257201,38.77566016470673,C:\dev\LasReaderApp\Data\0912n0358e5k.las
-121.3877147007449,38.761931762228976,-121.36986810822884,38.77541680132009,C:\dev\LasReaderApp\Data\0912n0360e5k.las
-121.37018053439907,38.76168851748019,-121.35233079694898,38.775170807608006,C:\dev\LasReaderApp\Data\0912n0362e5k.las
-121.35264658095863,38.761442643687445,-121.33479370101989,38.774922183667336,C:\dev\LasReaderApp\Data\0912n0364e5k.las
-121.33511284270946,38.76119414094756,-121.31730847277099,38.77247319740086,C:\dev\LasReaderApp\Data\0912n0366e5k.las
-121.31757932193723,38.760943009358364,-121.29990270900474,38.76672872734368,C:\dev\LasReaderApp\Data\0912n0368e5k.las
-121.30004602092741,38.76068924901871,-121.28780933028175,38.76235448562992,C:\dev\LasReaderApp\Data\0912n0370e5k.las
-121.66803306069862,38.77919620624884,-121.65023361680667,38.79272493520727,C:\dev\LasReaderApp\Data\0914n0328e5k.las
-121.65049247366152,38.77899494079518,-121.63268980867613,38.792520938174356,C:\dev\LasReaderApp\Data\0914n0330e5k.las
-121.63295202798305,38.7787910432068,-121.61514617940834,38.79231430820396,C:\dev\LasReaderApp\Data\0914n0332e5k.las
-121.61541176103472,38.77858451396393,-121.59760273129494,38.79210504537751,C:\dev\LasReaderApp\Data\0914n0334e5k.las
-121.5978716751065,38.77837535314794,-121.58005946662747,38.791893149777444,C:\dev\LasReaderApp\Data\0914n0336e5k.las
-121.58033177248822,38.77816356084122,-121.56251638769731,38.79167862148726,C:\dev\LasReaderApp\Data\0914n0338e5k.las
-121.56279205546954,38.77794913712719,-121.54497349679569,38.79146146059149,C:\dev\LasReaderApp\Data\0914n0340e5k.las
-121.54525252634004,38.777732082090324,-121.52743079621364,38.791241667175704,C:\dev\LasReaderApp\Data\0914n0342e5k.las
-121.527713187389,38.77751239581611,-121.50988828824207,38.79101924132648,C:\dev\LasReaderApp\Data\0914n0344e5k.las
-121.51017404090568,38.7772900783911,-121.49234597517173,38.79079418313147,C:\dev\LasReaderApp\Data\0914n0346e5k.las
-121.49263508917913,38.777065129902844,-121.47480385929322,38.79056649267934,C:\dev\LasReaderApp\Data\0914n0348e5k.las
-121.47509633449823,38.77683755043995,-121.45726194289693,38.790336170059796,C:\dev\LasReaderApp\Data\0914n0350e5k.las
-121.45755777915171,38.77660734009206,-121.43972022827316,38.79010321536357,C:\dev\LasReaderApp\Data\0914n0352e5k.las
-121.44001942542815,38.77637449894985,-121.42217871771199,38.789867628682465,C:\dev\LasReaderApp\Data\0914n0354e5k.las
-121.42248127561595,38.776139027105,-121.40463741350338,38.78962941010924,C:\dev\LasReaderApp\Data\0914n0356e5k.las
-121.4049433320033,38.77590092465028,-121.38709631793702,38.78938855973779,C:\dev\LasReaderApp\Data\0914n0358e5k.las
-121.38740559687834,38.77566019167945,-121.36955543330254,38.789145077662965,C:\dev\LasReaderApp\Data\0914n0360e5k.las
-121.3698680725289,38.77541682828732,-121.35203506603159,38.78801726044665,C:\dev\LasReaderApp\Data\0914n0362e5k.las
-121.35233076124268,38.77517083456973,-121.34028896742224,38.77993551496334,C:\dev\LasReaderApp\Data\0914n0364e5k.las
-121.66777753082063,38.792926325882306,-121.64997454778218,38.806454922864646,C:\dev\LasReaderApp\Data\0916n0328e5k.las
-121.65023358120092,38.79272496226191,-121.63242737490138,38.806250826344126,C:\dev\LasReaderApp\Data\0916n0330e5k.las
-121.632689773064,38.79252096522353,-121.6148803810161,38.80604409560264,C:\dev\LasReaderApp\Data\0916n0332e5k.las
-121.61514614378983,38.79231433524768,-121.59733356841966,38.80583473072165,C:\dev\LasReaderApp\Data\0916n0334e5k.las
-121.59760269567009,38.792105072415744,-121.57978693940528,38.80562273178369,C:\dev\LasReaderApp\Data\0916n0336e5k.las
-121.58005943099629,38.79189317681021,-121.5622404962661,38.80540809887233,C:\dev\LasReaderApp\Data\0916n0338e5k.las
-121.56251635205977,38.791678648514555,-121.54469424129493,38.80519083207213,C:\dev\LasReaderApp\Data\0916n0340e5k.las
-121.54497346115177,38.79146148761331,-121.5271481767846,38.804970931468745,C:\dev\LasReaderApp\Data\0916n0342e5k.las
-121.52743076056338,38.79124169419204,-121.5096023050277,38.80474839714883,C:\dev\LasReaderApp\Data\0916n0344e5k.las
-121.50988825258547,38.79101926833734,-121.49205662831666,38.80452322920008,C:\dev\LasReaderApp\Data\0916n0346e5k.las
-121.4923459395088,38.790794210136845,-121.47451114894378,38.804295427711246,C:\dev\LasReaderApp\Data\0916n0348e5k.las
-121.47480382362396,38.790566519679224,-121.45696586920116,38.80406499277209,C:\dev\LasReaderApp\Data\0916n0350e5k.las
-121.45726190722137,38.790336197054195,-121.43942079138078,38.80383192447343,C:\dev\LasReaderApp\Data\0916n0352e5k.las
-121.43972019259128,38.79010324235249,-121.42187591777444,38.803596222907096,C:\dev\LasReaderApp\Data\0916n0354e5k.las
-121.4221786820238,38.789867655665866,-121.4043312506737,38.80335788816599,C:\dev\LasReaderApp\Data\0916n0356e5k.las
-121.40463737780885,38.789629437087164,-121.38678679237015,38.80311692034402,C:\dev\LasReaderApp\Data\0916n0358e5k.las
-121.38709628223619,38.78938858671021,-121.37117211183721,38.79720667578215,C:\dev\LasReaderApp\Data\0916n0360e5k.las
-121.66752182666363,38.8066564117433,-121.64971530205571,38.82018487670785,C:\dev\LasReaderApp\Data\0918n0328e5k.las
-121.64997451216936,38.80645494991902,-121.63216476213114,38.819980680662056,C:\dev\LasReaderApp\Data\0918n0330e5k.las
-121.63242733928217,38.80625085339304,-121.61461440133496,38.819773849111314,C:\dev\LasReaderApp\Data\0918n0332e5k.las
-121.6148803453905,38.80604412264607,-121.59706422196227,38.81956438213717,C:\dev\LasReaderApp\Data\0918n0334e5k.las
-121.59733353278769,38.80583475775963,-121.57951422630795,38.81935227982222,C:\dev\LasReaderApp\Data\0918n0336e5k.las
-121.57978690376699,38.80562275881619,-121.56196441666677,38.81913754225006,C:\dev\LasReaderApp\Data\0918n0338e5k.las
-121.5622404606214,38.80540812589934,-121.54441479533334,38.81892016950536,C:\dev\LasReaderApp\Data\0918n0340e5k.las
-121.5446942056439,38.80519085909367,-121.52686536460212,38.81870016167382,C:\dev\LasReaderApp\Data\0918n0342e5k.las
-121.52714814112723,38.8049709584848,-121.50931612676744,38.818477518842144,C:\dev\LasReaderApp\Data\0918n0344e5k.las
-121.50960226936397,38.8047484241594,-121.4917670841234,38.81825224109813,C:\dev\LasReaderApp\Data\0918n0346e5k.las
-121.4920565926466,38.804523256205165,-121.47421823896406,38.81802432853057,C:\dev\LasReaderApp\Data\0918n0348e5k.las
-121.4745111132674,38.80429545471084,-121.45666959358311,38.81779378122929,C:\dev\LasReaderApp\Data\0918n0350e5k.las
-121.45696583351847,38.80406501976619,-121.43912115027435,38.817560599285194,C:\dev\LasReaderApp\Data\0918n0352e5k.las
-121.43942075569177,38.80383195146204,-121.4215729113312,38.817324782790195,C:\dev\LasReaderApp\Data\0918n0354e5k.las
-121.42187588207909,38.80359624989021,-121.40402487904697,38.81708633183722,C:\dev\LasReaderApp\Data\0918n0356e5k.las
-121.40433121497207,38.8033579151436,-121.39452468779572,38.81061436533522,C:\dev\LasReaderApp\Data\0918n0358e5k.las
-121.66726594809829,38.82038646382728,-121.64945587949602,38.833914796732294,C:\dev\LasReaderApp\Data\0920n0328e5k.las
-121.64971526643579,38.82018490376196,-121.63190197023249,38.833710501123534,C:\dev\LasReaderApp\Data\0920n0330e5k.las
-121.63216472650484,38.819980707710705,-121.61434824023038,38.833503568725384,C:\dev\LasReaderApp\Data\0920n0332e5k.las
-121.61461436570231,38.81977387615449,-121.59679469178647,38.83329399961942,C:\dev\LasReaderApp\Data\0920n0334e5k.las
-121.59706418632322,38.81956440917488,-121.57924132719742,38.83308179388832,C:\dev\LasReaderApp\Data\0920n0336e5k.las
-121.57951419066252,38.81935230685445,-121.56168814875963,38.83286695161574,C:\dev\LasReaderApp\Data\0920n0338e5k.las
-121.56196438101499,38.81913756927681,-121.54413515876948,38.832649472886416,C:\dev\LasReaderApp\Data\0920n0340e5k.las
-121.54441475967519,38.818920196526626,-121.52658235952308,38.8324293577861,C:\dev\LasReaderApp\Data\0920n0342e5k.las
-121.52686532893763,38.8187001886896,-121.50902975331645,38.83220660640159,C:\dev\LasReaderApp\Data\0920n0344e5k.las
-121.50931609109658,38.81847754585244,-121.49147734244548,38.83198121882073,C:\dev\LasReaderApp\Data\0920n0346e5k.las
-121.49176704844622,38.81825226810293,-121.47392512920578,38.83175319513238,C:\dev\LasReaderApp\Data\0920n0348e5k.las
-121.4742182032805,38.81802435552988,-121.45637311589293,38.83152253542645,C:\dev\LasReaderApp\Data\0920n0350e5k.las
-121.4566695578933,38.817793808223115,-121.43882130480226,38.83128923979389,C:\dev\LasReaderApp\Data\0920n0352e5k.las
-121.43912111457817,38.81756062627352,-121.42126969822897,38.83105330832669,C:\dev\LasReaderApp\Data\0920n0354e5k.las
-121.4215728756287,38.81732480977301,-121.40946269938841,38.83024042962906,C:\dev\LasReaderApp\Data\0920n0356e5k.las
-121.66700989499512,38.83411648212971,-121.64919627997182,38.84764468293342,C:\dev\LasReaderApp\Data\0922n0328e5k.las
-121.64945584386903,38.83391482378614,-121.63163899907238,38.84744028772398,C:\dev\LasReaderApp\Data\0922n0330e5k.las
-121.6319019345991,38.833710528171906,-121.61408189756757,38.847233254440184,C:\dev\LasReaderApp\Data\0922n0332e5k.las
-121.6143482045906,38.83350359576828,-121.59652497775585,38.84702358316372,C:\dev\LasReaderApp\Data\0922n0334e5k.las
-121.59679465614032,38.83329402665684,-121.57896824193557,38.84681127397728,C:\dev\LasReaderApp\Data\0922n0336e5k.las
-121.57924129154488,38.83308182092025,-121.56141169240489,38.84659632696461,C:\dev\LasReaderApp\Data\0922n0338e5k.las
-121.56168811310074,38.832866978642194,-121.54385533146184,38.84637874221051,C:\dev\LasReaderApp\Data\0922n0340e5k.las
-121.54413512310423,38.83264949990738,-121.52629916140427,38.846158519800795,C:\dev\LasReaderApp\Data\0922n0342e5k.las
-121.52658232385149,38.832429384801586,-121.50874318452988,38.845935659822324,C:\dev\LasReaderApp\Data\0922n0344e5k.las
-121.50902971763848,38.832206633411595,-121.49118740313625,38.845710162363005,C:\dev\LasReaderApp\Data\0922n0346e5k.las
-121.49147730676117,38.83198124582523,-121.47363181952072,38.84548202751177,C:\dev\LasReaderApp\Data\0922n0348e5k.las
-121.47392509351515,38.83175322213139,-121.45607643598053,38.8452512553586,C:\dev\LasReaderApp\Data\0922n0350e5k.las
-121.45637308019596,38.831522562419956,-121.43852125481281,38.84501784599452,C:\dev\LasReaderApp\Data\0922n0352e5k.las
-121.43882126909894,38.83128926678191,-121.42156272281235,38.844789862703145,C:\dev\LasReaderApp\Data\0922n0354e5k.las
-121.66675366722443,38.84784646664607,-121.64893650387128,38.861374507846996,C:\dev\LasReaderApp\Data\0924n0328e5k.las
-121.64919624433767,38.847644709987,-121.6313758485176,38.86117004045878,C:\dev\LasReaderApp\Data\0924n0330e5k.las
-121.63163896343187,38.84744031477208,-121.6138153732116,38.86096290625111,C:\dev\LasReaderApp\Data\0924n0332e5k.las
-121.61408186192067,38.84723328148281,-121.59625507973375,38.860753132765396,C:\dev\LasReaderApp\Data\0924n0334e5k.las
-121.59652494210258,38.847023610200864,-121.57869497038409,38.86054072008441,C:\dev\LasReaderApp\Data\0924n0336e5k.las
-121.57896820627592,38.84681130100894,-121.56113504746249,38.860325668291956,C:\dev\LasReaderApp\Data\0924n0338e5k.las
-121.56141165673887,38.84659635399079,-121.54357531326866,38.860107977472886,C:\dev\LasReaderApp\Data\0924n0340e5k.las
-121.54385529578944,38.846378769231194,-121.5260157701022,38.85988764771309,C:\dev\LasReaderApp\Data\0924n0342e5k.las
-121.52629912572552,38.84615854681599,-121.5084564202625,38.859664679099495,C:\dev\LasReaderApp\Data\0924n0344e5k.las
-121.50874314884479,38.84593568683203,-121.4908972660488,38.85943907172007,C:\dev\LasReaderApp\Data\0924n0346e5k.las
-121.4911873674448,38.84571018936722,-121.47333830976024,38.85921082566383,C:\dev\LasReaderApp\Data\0924n0348e5k.las
-121.47363178382292,38.84548205451048,-121.45577955369569,38.8589799410208,C:\dev\LasReaderApp\Data\0924n0350e5k.las
-121.45607640027639,38.84525128235182,-121.43822100015396,38.85874641788209,C:\dev\LasReaderApp\Data\0924n0352e5k.las
-121.43852121910231,38.84501787298223,-121.4293945329732,38.858628031149145,C:\dev\LasReaderApp\Data\0924n0354e5k.las
-121.66649726465648,38.86157641737182,-121.64867655054381,38.87510429892829,C:\dev\LasReaderApp\Data\0926n0328e5k.las
-121.64893646771033,38.86137456235999,-121.63111251843483,38.87489975932337,C:\dev\LasReaderApp\Data\0926n0330e5k.las
-121.63137581286999,38.86117006750662,-121.6135486670275,38.874692524153545,C:\dev\LasReaderApp\Data\0926n0332e5k.las
-121.61381533755761,38.86096293329348,-121.59598499758347,38.87448264841982,C:\dev\LasReaderApp\Data\0926n0334e5k.las
-121.59625504407337,38.86075315980227,-121.57842151240453,38.87427013220503,C:\dev\LasReaderApp\Data\0926n0336e5k.las
-121.57869493471733,38.8605407471158,-121.56085821379229,38.87405497559305,C:\dev\LasReaderApp\Data\0926n0338e5k.las
-121.56113501178935,38.86032569531786,-121.54329510404813,38.873837178668786,C:\dev\LasReaderApp\Data\0926n0340e5k.las
-121.54357527758916,38.8601080044933,-121.52573218547334,38.8736167415182,C:\dev\LasReaderApp\Data\0926n0342e5k.las
-121.52601573441632,38.85988767472801,-121.50816946036907,38.87339366422828,C:\dev\LasReaderApp\Data\0926n0344e5k.las
-121.50845638457025,38.85966470610892,-121.49060693103627,38.87316794688707,C:\dev\LasReaderApp\Data\0926n0346e5k.las
-121.49089723035024,38.859439098724,-121.4730445997757,38.872939589583645,C:\dev\LasReaderApp\Data\0926n0348e5k.las
-121.47333827405531,38.85921085266225,-121.45548246888804,38.8727085924081,C:\dev\LasReaderApp\Data\0926n0350e5k.las
-121.45577951798442,38.85897996801372,-121.43792054067374,38.872474955451615,C:\dev\LasReaderApp\Data\0926n0352e5k.las
-121.43822096443637,38.8587464448695,-121.42775635210377,38.87233852785649,C:\dev\LasReaderApp\Data\0926n0354e5k.las
-121.6486765138553,38.87510438090055,-121.63084900869057,38.888629444313175,C:\dev\LasReaderApp\Data\0928n0330e5k.las
-121.63111248278011,38.874899786370946,-121.61328177888,38.88842210814289,C:\dev\LasReaderApp\Data\0928n0332e5k.las
-121.61354863136638,38.874692551195636,-121.59571473116807,38.888212130122355,C:\dev\LasReaderApp\Data\0928n0334e5k.las
-121.59598496191596,38.87448267545643,-121.57814786785829,38.887999510334474,C:\dev\LasReaderApp\Data\0928n0336e5k.las
-121.57842147673067,38.87427015923615,-121.56058119125396,38.88778424886319,C:\dev\LasReaderApp\Data\0928n0338e5k.las
-121.56085817811201,38.874055002618675,-121.54301470365819,38.88756634579348,C:\dev\LasReaderApp\Data\0928n0340e5k.las
-121.54329506836149,38.87383720568892,-121.52544840737399,38.88734580121136,C:\dev\LasReaderApp\Data\0928n0342e5k.las
-121.52573214978035,38.87361676853284,-121.50788230470418,38.887122615203886,C:\dev\LasReaderApp\Data\0928n0344e5k.las
-121.5081694246697,38.87339369123743,-121.49031639795143,38.886896787859165,C:\dev\LasReaderApp\Data\0928n0346e5k.las
-121.49060689533053,38.873167973890716,-121.47275068941825,38.88666831926634,C:\dev\LasReaderApp\Data\0928n0348e5k.las
-121.4730445640636,38.87293961658178,-121.45518518140699,38.8864372095156,C:\dev\LasReaderApp\Data\0928n0350e5k.las
-121.45548243316959,38.87270861940074,-121.4376198762198,38.886203458698155,C:\dev\LasReaderApp\Data\0928n0352e5k.las
-121.43792050494895,38.87247498243874,-121.42005477615872,38.885967066906275,C:\dev\LasReaderApp\Data\0928n0354e5k.las
-121.420102772057,38.88379894438365,-121.41805714555252,38.885940015289094,C:\dev\LasReaderApp\Data\0928n0356e5k.las
-121.64841638264085,38.888834165604166,-121.63058531915124,38.902359095423606,C:\dev\LasReaderApp\Data\0930n0330e5k.las
-121.63084897302872,38.88862947136049,-121.61301470863377,38.9021516582145,C:\dev\LasReaderApp\Data\0930n0332e5k.las
-121.61328174321172,38.8884221351847,-121.59544428035049,38.90194157786832,C:\dev\LasReaderApp\Data\0930n0334e5k.las
-121.59571469549344,38.888212157158684,-121.57787403660657,38.90172885446804,C:\dev\LasReaderApp\Data\0930n0336e5k.las
-121.57814783217728,38.88799953736532,-121.56030397970699,38.90151348809765,C:\dev\LasReaderApp\Data\0930n0338e5k.las
-121.56058115556654,38.88778427588854,-121.54273411195665,38.90129547884219,C:\dev\LasReaderApp\Data\0930n0340e5k.las
-121.5430146679644,38.88756637281333,-121.52516443566022,38.90107482678774,C:\dev\LasReaderApp\Data\0930n0342e5k.las
-121.52544837167383,38.88734582822572,-121.5075949531222,38.90085153202144,C:\dev\LasReaderApp\Data\0930n0344e5k.las
-121.50788226899765,38.88712264221274,-121.49002566664701,38.900625594631464,C:\dev\LasReaderApp\Data\0930n0346e5k.las
-121.49031636223854,38.88689681486252,-121.47245657853885,38.900397014707,C:\dev\LasReaderApp\Data\0930n0348e5k.las
-121.47275065369901,38.886668346264194,-121.4548876911018,38.90016579233833,C:\dev\LasReaderApp\Data\0930n0350e5k.las
-121.45518514568138,38.886437236507945,-121.43731900663973,38.899931927616706,C:\dev\LasReaderApp\Data\0930n0352e5k.las
-121.43761984048783,38.88620348568498,-121.41975052745636,38.899695420634494,C:\dev\LasReaderApp\Data\0930n0354e5k.las
-121.42005474042041,38.8859670938876,-121.40498824617079,38.89949464568533,C:\dev\LasReaderApp\Data\0930n0356e5k.las
-121.648156073935,38.90256391646624,-121.63032144968295,38.91608871265011,C:\dev\LasReaderApp\Data\0932n0330e5k.las
-121.63058528348223,38.902359122470635,-121.61274745615334,38.91588117436382,C:\dev\LasReaderApp\Data\0932n0332e5k.las
-121.61301467295841,38.902151685256044,-121.59517364499357,38.91567099165313,C:\dev\LasReaderApp\Data\0932n0334e5k.las
-121.59544424466876,38.90194160490438,-121.57760001851045,38.915458164601084,C:\dev\LasReaderApp\Data\0932n0336e5k.las
-121.57787400091843,38.901728881498606,-121.56002657901082,38.91524269329173,C:\dev\LasReaderApp\Data\0932n0338e5k.las
-121.56030394401247,38.90151351512271,-121.54245332880119,38.9150245778102,C:\dev\LasReaderApp\Data\0932n0340e5k.las
-121.54273407625573,38.90129550586176,-121.52488027018794,38.91480381824262,C:\dev\LasReaderApp\Data\0932n0342e5k.las
-121.5251643999529,38.901074853801816,-121.50730740547735,38.914580414676195,C:\dev\LasReaderApp\Data\0932n0344e5k.las
-121.5075949174085,38.90085155903001,-121.4897347369755,38.91435436719915,C:\dev\LasReaderApp\Data\0932n0346e5k.las
-121.49002563092697,38.90062562163453,-121.47216226698833,38.91412567590078,C:\dev\LasReaderApp\Data\0932n0348e5k.las
-121.47245654281245,38.900397041704565,-121.4545899978216,38.913894340871394,C:\dev\LasReaderApp\Data\0932n0350e5k.las
-121.45488765536902,38.90016581933036,-121.43701793178094,38.913660362202336,C:\dev\LasReaderApp\Data\0932n0352e5k.las
-121.4373189709006,38.89993195460324,-121.41944607117173,38.913423739986044,C:\dev\LasReaderApp\Data\0932n0354e5k.las
-121.41975049171087,38.89969544761551,-121.40187441829926,38.913184474315955,C:\dev\LasReaderApp\Data\0932n0356e5k.las
-121.40211486102748,38.90246102061308,-121.38906576445196,38.91300839683357,C:\dev\LasReaderApp\Data\0932n0358e5k.las
-121.6654699032969,38.91649590973816,-121.64763495919755,38.93002328959579,C:\dev\LasReaderApp\Data\0934n0328e5k.las
-121.6478955876057,38.916293633482304,-121.63005740015187,38.92981829598812,C:\dev\LasReaderApp\Data\0934n0330e5k.las
-121.63032141400687,38.91608873969688,-121.61248002130306,38.92961065658622,C:\dev\LasReaderApp\Data\0934n0332e5k.las
-121.61274742047085,38.91588120140509,-121.59490282495987,38.92940037147213,C:\dev\LasReaderApp\Data\0934n0334e5k.las
-121.59517360930465,38.91567101868891,-121.57732581343093,38.929187440728924,C:\dev\LasReaderApp\Data\0934n0336e5k.las
-121.57759998281517,38.915458191631366,-121.55974898902464,38.92897186444075,C:\dev\LasReaderApp\Data\0934n0338e5k.las
-121.56002654330912,38.91524272031652,-121.5421723540493,38.928753642692755,C:\dev\LasReaderApp\Data\0934n0340e5k.las
-121.54245329309309,38.91502460482949,-121.524595910813,38.928532775571185,C:\dev\LasReaderApp\Data\0934n0342e5k.las
-121.52488023447347,38.91480384525641,-121.50701966162374,38.928309263163285,C:\dev\LasReaderApp\Data\0934n0344e5k.las
-121.50730736975652,38.91458044168447,-121.48944360878929,38.92808310555736,C:\dev\LasReaderApp\Data\0934n0346e5k.las
-121.4897347012483,38.91435439420192,-121.47186775461734,38.927854302842746,C:\dev\LasReaderApp\Data\0934n0348e5k.las
-121.47216223125477,38.91412570289803,-121.45429210141538,38.927622855109846,C:\dev\LasReaderApp\Data\0934n0350e5k.las
-121.4545899620817,38.913894367863136,-121.43671665149066,38.92738876245008,C:\dev\LasReaderApp\Data\0934n0352e5k.las
-121.43701789603466,38.91366038918858,-121.41914140715033,38.92715202495592,C:\dev\LasReaderApp\Data\0934n0354e5k.las
-121.41944603541909,38.91342376696676,-121.40156637070142,38.9269126427209,C:\dev\LasReaderApp\Data\0934n0356e5k.las
-121.40187438254027,38.91318450129114,-121.38399154445071,38.92667061583957,C:\dev\LasReaderApp\Data\0934n0358e5k.las
-121.38421105102734,38.916994073033166,-121.37350611752954,38.9265249576986,C:\dev\LasReaderApp\Data\0934n0360e5k.las
-121.68279050266794,38.93042536537496,-121.66495524206005,38.943955385216185,C:\dev\LasReaderApp\Data\0936n0326e5k.las
-121.66521266046084,38.93022566438573,-121.64737411723168,38.943752938906464,C:\dev\LasReaderApp\Data\0936n0328e5k.las
-121.64763492352076,38.93002331664779,-121.62979317042384,38.943547845433095,C:\dev\LasReaderApp\Data\0936n0330e5k.las
-121.63005736446864,38.929818323034624,-121.6122124039471,38.94334010487713,C:\dev\LasReaderApp\Data\0936n0332e5k.las
-121.6124799856134,38.929610683627224,-121.59463182011199,38.94312971732069,C:\dev\LasReaderApp\Data\0936n0334e5k.las
-121.59490278926386,38.92940039850764,-121.5770514212287,38.942916682846906,C:\dev\LasReaderApp\Data\0936n0336e5k.las
-121.57732577772849,38.929187467758936,-121.55947120960747,38.94270100153999,C:\dev\LasReaderApp\Data\0936n0338e5k.las
-121.5597489533158,38.92897189146526,-121.5418911875583,38.94248267348516,C:\dev\LasReaderApp\Data\0936n0340e5k.las
-121.54217231833408,38.928753669711774,-121.52431135739099,38.9422616987687,C:\dev\LasReaderApp\Data\0936n0342e5k.las
-121.52459587509138,38.9285328025847,-121.50673172141524,38.94203807747795,C:\dev\LasReaderApp\Data\0936n0344e5k.las
-121.50701962589575,38.928309290171285,-121.48915228194059,38.94181180970126,C:\dev\LasReaderApp\Data\0936n0346e5k.las
-121.48944357305496,38.92808313255985,-121.47157304127639,38.941582895528065,C:\dev\LasReaderApp\Data\0936n0348e5k.las
-121.47186771887661,38.92785432983973,-121.45399400173181,38.94135133504879,C:\dev\LasReaderApp\Data\0936n0350e5k.las
-121.45429206566826,38.9276228821013,-121.43641516561591,38.941117128354975,C:\dev\LasReaderApp\Data\0936n0352e5k.las
-121.4367166157372,38.927388789436016,-121.41883653523752,38.940880275539136,C:\dev\LasReaderApp\Data\0936n0354e5k.las
-121.41914137139051,38.927152051936346,-121.40125811290535,38.94064077669488,C:\dev\LasReaderApp\Data\0936n0356e5k.las
-121.40156633493524,38.9269126696958,-121.38367990092794,38.94039863191683,C:\dev\LasReaderApp\Data\0936n0358e5k.las
-121.38399150867819,38.926670642808936,-121.3661019016136,38.94015384130064,C:\dev\LasReaderApp\Data\0936n0360e5k.las
-121.36624384012825,38.93396827438814,-121.35896002177678,38.940053627006336,C:\dev\LasReaderApp\Data\0936n0362e5k.las
-121.68253643558492,38.94415526547036,-121.66469761227906,38.95768509928204,C:\dev\LasReaderApp\Data\0938n0326e5k.las
-121.66495520638252,38.94395541227341,-121.64711309724528,38.95748255435753,C:\dev\LasReaderApp\Data\0938n0328e5k.las
-121.64737408154774,38.94375296595819,-121.62952876036468,38.95727736098047,C:\dev\LasReaderApp\Data\0938n0330e5k.las
-121.62979313473348,38.94354787247933,-121.61194460394954,38.95706951923197,C:\dev\LasReaderApp\Data\0938n0332e5k.las
-121.61221236825033,38.94334013191788,-121.59436063031212,38.95685902919421,C:\dev\LasReaderApp\Data\0938n0334e5k.las
-121.59463178440879,38.943129744355936,-121.5767768417644,38.9566458909504,C:\dev\LasReaderApp\Data\0938n0336e5k.las
-121.57705138551911,38.942916709876656,-121.55919324061827,38.95643010458478,C:\dev\LasReaderApp\Data\0938n0338e5k.las
-121.55947117389151,38.94270102856422,-121.54160982918539,38.95621167018267,C:\dev\LasReaderApp\Data\0938n0340e5k.las
-121.54189115183593,38.94248270050389,-121.52402660977741,38.9559905878304,C:\dev\LasReaderApp\Data\0938n0342e5k.las
-121.52431132166221,38.942261725781925,-121.50644358470565,38.95576685761538,C:\dev\LasReaderApp\Data\0938n0344e5k.las
-121.50673168568012,38.94203810448566,-121.48886075628143,38.95554047962602,C:\dev\LasReaderApp\Data\0938n0346e5k.las
-121.48915224619907,38.94181183670346,-121.47127812681576,38.95531145395184,C:\dev\LasReaderApp\Data\0938n0348e5k.las
-121.47157300552847,38.94158292252474,-121.45369569861957,38.955079780683334,C:\dev\LasReaderApp\Data\0938n0350e5k.las
-121.45399396597752,38.94135136203996,-121.43611347400359,38.95484545991209,C:\dev\LasReaderApp\Data\0938n0352e5k.las
-121.43641512985526,38.94111715534063,-121.41853145527847,38.95460849173071,C:\dev\LasReaderApp\Data\0938n0354e5k.las
-121.41883649947052,38.94088030251926,-121.40094964475453,38.95436887623287,C:\dev\LasReaderApp\Data\0938n0356e5k.las
-121.401258077132,38.940640803669474,-121.38336804474208,38.95412661351325,C:\dev\LasReaderApp\Data\0938n0358e5k.las
-121.38367986514822,38.9403986588859,-121.36578665755113,38.95388170366762,C:\dev\LasReaderApp\Data\0938n0360e5k.las
-121.36610186582756,38.94015386826418,-121.35341082603523,38.95370771827657,C:\dev\LasReaderApp\Data\0938n0362e5k.las
-121.71745213184337,38.95827689669155,-121.69961614736175,38.97181211712963,C:\dev\LasReaderApp\Data\0940n0322e5k.las
-121.69986713138248,38.95808229798185,-121.68202789018082,38.971614773276066,C:\dev\LasReaderApp\Data\0940n0324e5k.las
-121.68228226747536,38.95788502273636,-121.66443980665736,38.97141477952133,C:\dev\LasReaderApp\Data\0940n0326e5k.las
-121.66469757659443,38.957685126338994,-121.64685189910567,38.971212135944505,C:\dev\LasReaderApp\Data\0940n0328e5k.las
-121.6471130615542,38.95748258140899,-121.62926416983997,38.97100684262573,C:\dev\LasReaderApp\Data\0940n0330e5k.las
-121.62952872466717,38.957277388026434,-121.61167662117428,38.97079889964619,C:\dev\LasReaderApp\Data\0940n0332e5k.las
-121.61194456824566,38.95706954627244,-121.59408925542256,38.9705883070881,C:\dev\LasReaderApp\Data\0940n0334e5k.las
-121.59436059460181,38.95685905622918,-121.57650207489849,38.97037506503475,C:\dev\LasReaderApp\Data\0940n0336e5k.las
-121.57677680604766,38.956645917979856,-121.55891508191573,38.97015917357046,C:\dev\LasReaderApp\Data\0940n0338e5k.las
-121.5591932048951,38.956430131608734,-121.54132827878763,38.96994063278058,C:\dev\LasReaderApp\Data\0940n0340e5k.las
-121.54160979345588,38.95621169720111,-121.52374166782754,38.96971944275154,C:\dev\LasReaderApp\Data\0940n0342e5k.las
-121.52402657404147,38.95599061484334,-121.50615525134856,38.9694956035708,C:\dev\LasReaderApp\Data\0940n0344e5k.las
-121.50644354896333,38.9557668846228,-121.48856903166363,38.969269115326846,C:\dev\LasReaderApp\Data\0940n0346e5k.las
-121.4888607205327,38.95554050662793,-121.4709830110856,38.969039978109244,C:\dev\LasReaderApp\Data\0940n0348e5k.las
-121.47127809106064,38.95531148094823,-121.45339719192702,38.968808192008574,C:\dev\LasReaderApp\Data\0940n0350e5k.las
-121.4536956628581,38.955079807674196,-121.43581157650048,38.96857375711649,C:\dev\LasReaderApp\Data\0940n0352e5k.las
-121.43611343823575,38.95484548689743,-121.41822616711816,38.968336673525684,C:\dev\LasReaderApp\Data\0940n0354e5k.las
-121.41853141950426,38.95460851871053,-121.40064096609223,38.96809694132986,C:\dev\LasReaderApp\Data\0940n0356e5k.las
-121.40094960897397,38.954368903207154,-121.38305597573464,38.967854560623806,C:\dev\LasReaderApp\Data\0940n0358e5k.las
-121.38336800895517,38.95412664048201,-121.3654711983572,38.967609531503356,C:\dev\LasReaderApp\Data\0940n0360e5k.las
-121.36578662175785,38.95388173063085,-121.34788663627145,38.967361854065366,C:\dev\LasReaderApp\Data\0940n0362e5k.las
-121.34813920881267,38.956486876534136,-121.33874992424833,38.96723211736923,C:\dev\LasReaderApp\Data\0940n0364e5k.las
-121.73479306741714,38.97219888113787,-121.71695677956887,38.985736745741946,C:\dev\LasReaderApp\Data\0942n0320e5k.las
-121.71720454021317,38.972006838077135,-121.69936495582438,38.98554195704775,C:\dev\LasReaderApp\Data\0942n0322e5k.las
-121.69961611168283,38.9718121441973,-121.68177330355064,38.98534451708425,C:\dev\LasReaderApp\Data\0942n0324e5k.las
-121.6820278544955,38.97161480033825,-121.66418182506384,38.985144425929576,C:\dev\LasReaderApp\Data\0942n0326e5k.las
-121.66443977096557,38.97141480657802,-121.64659052268007,38.98494168366286,C:\dev\LasReaderApp\Data\0942n0328e5k.las
-121.64685186340745,38.971212162995684,-121.62899939871522,38.9847362903643,C:\dev\LasReaderApp\Data\0942n0330e5k.las
-121.62926413413531,38.97100686967142,-121.61140845548508,38.98452824611516,C:\dev\LasReaderApp\Data\0942n0332e5k.las
-121.61167658546326,38.97079892668637,-121.5938176953053,38.98431755099771,C:\dev\LasReaderApp\Data\0942n0334e5k.las
-121.5940892197051,38.97058833412278,-121.57622712049131,38.9841042050953,C:\dev\LasReaderApp\Data\0942n0336e5k.las
-121.57650203917461,38.97037509206392,-121.55863673335843,38.9838882084923,C:\dev\LasReaderApp\Data\0942n0338e5k.las
-121.55891504618542,38.97015920059411,-121.54104653622183,38.98366956127417,C:\dev\LasReaderApp\Data\0942n0340e5k.las
-121.54132824305091,38.96994065979873,-121.52345653139655,38.98344826352736,C:\dev\LasReaderApp\Data\0942n0342e5k.las
-121.52374163208442,38.96971946976418,-121.50586672119736,38.98322431533939,C:\dev\LasReaderApp\Data\0942n0344e5k.las
-121.50615521559905,38.96949563057792,-121.48827710793898,38.98299771679887,C:\dev\LasReaderApp\Data\0942n0346e5k.las
-121.48856899590774,38.96926914232844,-121.47068769393591,38.98276846799537,C:\dev\LasReaderApp\Data\0942n0348e5k.las
-121.47098297532332,38.96904000510532,-121.45309848150254,38.982536569019594,C:\dev\LasReaderApp\Data\0942n0350e5k.las
-121.45339715615839,38.96880821899913,-121.43550947295304,38.98230201996322,C:\dev\LasReaderApp\Data\0942n0352e5k.las
-121.43581154072544,38.96857378410153,-121.41792067060142,38.982064820919035,C:\dev\LasReaderApp\Data\0942n0354e5k.las
-121.41822613133675,38.96833670050518,-121.40033207676153,38.98182497198082,C:\dev\LasReaderApp\Data\0942n0356e5k.las
-121.40064093030448,38.96809696830383,-121.38274369374707,38.98158247324342,C:\dev\LasReaderApp\Data\0942n0358e5k.las
-121.38305593994053,38.96785458759226,-121.36535934416948,38.972474830133464,C:\dev\LasReaderApp\Data\0942n0360e5k.las
-121.3654711625567,38.967609558466265,-121.34765970064821,38.97712659829906,C:\dev\LasReaderApp\Data\0942n0362e5k.las
-121.34788660046465,38.96736188102273,-121.33829708055158,38.974307026903006,C:\dev\LasReaderApp\Data\0942n0364e5k.las
-121.73454866642635,38.98592890940497,-121.71670881409773,38.99946664675431,C:\dev\LasReaderApp\Data\0944n0320e5k.las
-121.7169567438893,38.98573677281487,-121.69911359281626,38.999271763204106,C:\dev\LasReaderApp\Data\0944n0322e5k.las
-121.69936492013835,38.985541984115166,-121.68151854313346,38.99907422709406,C:\dev\LasReaderApp\Data\0944n0324e5k.las
-121.68177326785815,38.98534454414617,-121.66392366736727,38.99887403850233,C:\dev\LasReaderApp\Data\0944n0326e5k.las
-121.6641817893649,38.985144452986006,-121.6463289678355,38.998671197508116,C:\dev\LasReaderApp\Data\0944n0328e5k.las
-121.64659048697469,38.984941710713784,-121.62873444685574,38.99846570419171,C:\dev\LasReaderApp\Data\0944n0330e5k.las
-121.62899936300343,38.984736317409734,-121.61114010674555,38.99825755863437,C:\dev\LasReaderApp\Data\0944n0332e5k.las
-121.61140841976687,38.984528273155085,-121.59354594982221,38.99804676091849,C:\dev\LasReaderApp\Data\0944n0334e5k.las
-121.59381765958065,38.98431757803213,-121.57595197840298,38.99783331112745,C:\dev\LasReaderApp\Data\0944n0336e5k.las
-121.57622708476025,38.9841042321242,-121.55835819480487,38.9976172093457,C:\dev\LasReaderApp\Data\0944n0338e5k.las
-121.55863669762097,38.9838882355157,-121.54076460134475,38.99739845565875,C:\dev\LasReaderApp\Data\0944n0340e5k.las
-121.54104650047796,38.98366958829205,-121.52317120033936,38.99717705015313,C:\dev\LasReaderApp\Data\0944n0342e5k.las
-121.52345649564624,38.98344829053972,-121.5055779941053,38.99695299291644,C:\dev\LasReaderApp\Data\0944n0344e5k.las
-121.50586668544068,38.98322434234624,-121.48798498495893,38.99672628403731,C:\dev\LasReaderApp\Data\0944n0346e5k.las
-121.48827707217588,38.98299774380019,-121.47039217521655,38.99649692360543,C:\dev\LasReaderApp\Data\0944n0348e5k.las
-121.47068765816647,38.98276849499118,-121.45279956719415,38.996264911711535,C:\dev\LasReaderApp\Data\0944n0350e5k.las
-121.45309844572668,38.982536596009865,-121.43520716320766,38.9960302484474,C:\dev\LasReaderApp\Data\0944n0352e5k.las
-121.43550943717081,38.98230204694798,-121.41761496557292,38.995792933905854,C:\dev\LasReaderApp\Data\0944n0354e5k.las
-121.41792063481283,38.98206484789826,-121.40002297660541,38.99555296818077,C:\dev\LasReaderApp\Data\0944n0356e5k.las
-121.40033204096659,38.98182499895451,-121.38243119862054,38.99531035136706,C:\dev\LasReaderApp\Data\0944n0358e5k.las
-121.38253373597043,38.99080538674146,-121.3740158598834,38.99519335286412,C:\dev\LasReaderApp\Data\0944n0360e5k.las
-121.75189972602791,38.999848510411546,-121.73405946988937,39.013388838550945,C:\dev\LasReaderApp\Data\0946n0318e5k.las
-121.73430416897952,38.999658904745694,-121.71646067934593,39.013196514036665,C:\dev\LasReaderApp\Data\0946n0320e5k.las
-121.71670877841103,38.99946667382696,-121.69886205820944,39.013001535594306,C:\dev\LasReaderApp\Data\0946n0322e5k.las
-121.69911355712307,38.99927179027126,-121.68126360879967,39.01280390330105,C:\dev\LasReaderApp\Data\0946n0324e5k.las
-121.68151850743384,38.999074254155715,-121.66366533343627,39.012603617235115,C:\dev\LasReaderApp\Data\0946n0326e5k.las
-121.6639236316612,38.99887406555849,-121.64606723443885,39.01240067747578,C:\dev\LasReaderApp\Data\0946n0328e5k.las
-121.64632893212297,38.998671224558784,-121.62846931412669,39.012195084103375,C:\dev\LasReaderApp\Data\0946n0330e5k.las
-121.62873441113678,38.998465731236855,-121.61087157481906,39.01198683719925,C:\dev\LasReaderApp\Data\0946n0332e5k.las
-121.61114007102016,38.99825758567402,-121.59327401883503,39.011775936845815,C:\dev\LasReaderApp\Data\0946n0334e5k.las
-121.59354591409041,38.998046787952624,-121.57567664849351,39.011562383126545,C:\dev\LasReaderApp\Data\0946n0336e5k.las
-121.57595194266474,38.99783333815607,-121.55807946611324,39.01134617612596,C:\dev\LasReaderApp\Data\0946n0338e5k.las
-121.5583581590602,38.99761723636882,-121.54048247401289,39.01112731592961,C:\dev\LasReaderApp\Data\0946n0340e5k.las
-121.5407645655937,38.99739848267634,-121.52288567451087,39.010905802624116,C:\dev\LasReaderApp\Data\0946n0342e5k.las
-121.52317116458191,38.997177077165205,-121.50528906992551,39.01068163629712,C:\dev\LasReaderApp\Data\0946n0344e5k.las
-121.50557795834142,38.99695301992299,-121.48769266257491,39.01045481703734,C:\dev\LasReaderApp\Data\0946n0346e5k.las
-121.48798494918869,38.99672631103834,-121.47009645477708,39.01022534493453,C:\dev\LasReaderApp\Data\0946n0348e5k.las
-121.47039213943985,38.99649695060093,-121.45250044884978,39.00999322007948,C:\dev\LasReaderApp\Data\0946n0350e5k.las
-121.45279953141109,38.99626493870151,-121.43490464711063,39.009758442564056,C:\dev\LasReaderApp\Data\0946n0352e5k.las
-121.43520712741828,38.99603027543184,-121.41730905187715,39.009521012481144,C:\dev\LasReaderApp\Data\0946n0354e5k.las
-121.41761492977713,38.99579296088477,-121.3997136654666,39.00928092992469,C:\dev\LasReaderApp\Data\0946n0356e5k.las
-121.40002294080323,38.99555299515415,-121.38211849019612,39.00903819498969,C:\dev\LasReaderApp\Data\0946n0358e5k.las
-121.382431162812,38.995310378334906,-121.36452356357238,39.0087928082656,C:\dev\LasReaderApp\Data\0946n0360e5k.las
-121.36456180529171,39.007129503141904,-121.35980142916053,39.00872649933436,C:\dev\LasReaderApp\Data\0946n0362e5k.las
-121.75165839183892,39.01357853614443,-121.73381456803199,39.02711876573571,C:\dev\LasReaderApp\Data\0948n0318e5k.las
-121.73405943420202,39.01338886562884,-121.71621237518717,39.02692634758466,C:\dev\LasReaderApp\Data\0948n0320e5k.las
-121.71646064365208,39.01319654110905,-121.69861035187581,39.02673127421395,C:\dev\LasReaderApp\Data\0948n0322e5k.las
-121.6988620225091,39.013001562661195,-121.68100850041942,39.02653354570081,C:\dev\LasReaderApp\Data\0948n0324e5k.las
-121.68126357309288,39.01280393036244,-121.66340682313937,39.02633316212351,C:\dev\LasReaderApp\Data\0948n0326e5k.las
-121.66366529772307,39.01260364429101,-121.64580532235688,39.02613012356139,C:\dev\LasReaderApp\Data\0948n0328e5k.las
-121.64606719871918,39.01240070452618,-121.6282040003931,39.02592443009481,C:\dev\LasReaderApp\Data\0948n0330e5k.las
-121.62846927840059,39.01219511114825,-121.61060285956894,39.02571608180523,C:\dev\LasReaderApp\Data\0948n0332e5k.las
-121.6108715390865,39.011986864238615,-121.59300190220527,39.025505078775105,C:\dev\LasReaderApp\Data\0948n0334e5k.las
-121.59327398309605,39.01177596387967,-121.5754011306227,39.02529142108798,C:\dev\LasReaderApp\Data\0948n0336e5k.las
-121.57567661274807,39.01156241015489,-121.55780054714171,39.02507510882843,C:\dev\LasReaderApp\Data\0948n0338e5k.las
-121.55807943036143,39.01134620314879,-121.54020015408265,39.02485614208207,C:\dev\LasReaderApp\Data\0948n0340e5k.las
-121.54048243825466,39.011127342946914,-121.52259995376573,39.02463452093558,C:\dev\LasReaderApp\Data\0948n0342e5k.las
-121.5228856387462,39.010905829635895,-121.50499994851094,39.02441024547669,C:\dev\LasReaderApp\Data\0948n0344e5k.las
-121.50528903415444,39.01068166330338,-121.48740014063814,39.02418331579416,C:\dev\LasReaderApp\Data\0948n0346e5k.las
-121.48769262679745,39.01045484403807,-121.46980053246703,39.02395373197784,C:\dev\LasReaderApp\Data\0948n0348e5k.las
-121.47009641899324,39.01022537192974,-121.45220112631718,39.023721494118575,C:\dev\LasReaderApp\Data\0948n0350e5k.las
-121.45250041305952,39.00999324706916,-121.43460192450792,39.023486602308296,C:\dev\LasReaderApp\Data\0948n0352e5k.las
-121.434904611314,39.009758469548196,-121.4170029293584,39.02324905663996,C:\dev\LasReaderApp\Data\0948n0354e5k.las
-121.41730901607413,39.00952103945975,-121.39940414318772,39.0230088572076,C:\dev\LasReaderApp\Data\0948n0356e5k.las
-121.39971362965721,39.009280956897754,-121.38180556831468,39.022766004106266,C:\dev\LasReaderApp\Data\0948n0358e5k.las
-121.38211845438036,39.00903822195721,-121.36420720705797,39.02252049743207,C:\dev\LasReaderApp\Data\0948n0360e5k.las
-121.36452349256055,39.008792834734166,-121.34660906173607,39.022272337282175,C:\dev\LasReaderApp\Data\0948n0362e5k.las
-121.34677589420662,39.01510885635912,-121.34142764609933,39.022198765357956,C:\dev\LasReaderApp\Data\0948n0364e5k.las
-121.75141689240044,39.02730855567403,-121.7335694989628,39.04084865921751,C:\dev\LasReaderApp\Data\0950n0318e5k.las
-121.73381453233746,39.02711879281335,-121.71596390149503,39.04065614739398,C:\dev\LasReaderApp\Data\0950n0320e5k.las
-121.71621233948619,39.02692637465681,-121.69835847368728,39.04046097905869,C:\dev\LasReaderApp\Data\0950n0322e5k.las
-121.69861031616836,39.0267313012806,-121.68075321786282,39.04026315428894,C:\dev\LasReaderApp\Data\0950n0324e5k.las
-121.6810084647055,39.02653357276195,-121.66314813634479,39.04006267316305,C:\dev\LasReaderApp\Data\0950n0326e5k.las
-121.66340678741898,39.02633318917914,-121.6455432314562,39.039859535760435,C:\dev\LasReaderApp\Data\0950n0328e5k.las
-121.64580528663006,39.02613015061151,-121.62793850551984,39.039653742161505,C:\dev\LasReaderApp\Data\0950n0330e5k.las
-121.62820396465982,39.02592445713943,-121.61033396085841,39.03944529244779,C:\dev\LasReaderApp\Data\0950n0332e5k.las
-121.61060282382924,39.02571610884433,-121.59272959979441,39.039234186701805,C:\dev\LasReaderApp\Data\0950n0334e5k.las
-121.59300186645915,39.025505105808705,-121.5751254246503,39.039020425007145,C:\dev\LasReaderApp\Data\0950n0336e5k.las
-121.57540109487012,39.02529144811606,-121.55752143774822,39.038804007448455,C:\dev\LasReaderApp\Data\0950n0338e5k.las
-121.55780051138271,39.02507513585098,-121.53991764141027,39.038584934111434,C:\dev\LasReaderApp\Data\0950n0340e5k.las
-121.54020011831723,39.024856169099095,-121.5223140379584,39.038363205082824,C:\dev\LasReaderApp\Data\0950n0342e5k.las
-121.52259991799387,39.02463454794709,-121.50471062971434,39.03813882045039,C:\dev\LasReaderApp\Data\0950n0344e5k.las
-121.50499991273267,39.02441027248267,-121.48710741899964,39.037911780303,C:\dev\LasReaderApp\Data\0950n0346e5k.las
-121.48740010485348,39.02418334279462,-121.46950440813578,39.03768208473055,C:\dev\LasReaderApp\Data\0950n0348e5k.las
-121.46980049667599,39.02395375897276,-121.45190159944397,39.03744973382395,C:\dev\LasReaderApp\Data\0950n0350e5k.las
-121.45220109051972,39.023721521107966,-121.43429899524534,39.03721472767521,C:\dev\LasReaderApp\Data\0950n0352e5k.las
-121.43460188870405,39.02348662929215,-121.41669659786082,39.03697706637736,C:\dev\LasReaderApp\Data\0950n0354e5k.las
-121.41700289354819,39.023249083618275,-121.39909440961114,39.0367367500245,C:\dev\LasReaderApp\Data\0950n0356e5k.las
-121.3994041073711,39.02300888418036,-121.38149243281687,39.03649377871176,C:\dev\LasReaderApp\Data\0950n0358e5k.las
-121.3818055324917,39.02276603107348,-121.36389066979844,39.036248152535315,C:\dev\LasReaderApp\Data\0950n0360e5k.las
-121.3642071712286,39.02252052439375,-121.346289122876,39.03599987159241,C:\dev\LasReaderApp\Data\0950n0362e5k.las
-121.34660902590035,39.0222723642383,-121.33519022757274,39.03584194832229,C:\dev\LasReaderApp\Data\0950n0364e5k.las
-121.76878112220732,39.041225767202135,-121.75093343443284,39.054768466643175,C:\dev\LasReaderApp\Data\0952n0316e5k.las
-121.75117522807203,39.041038541535926,-121.73332426255699,39.05457851899203,C:\dev\LasReaderApp\Data\0952n0318e5k.las
-121.73356946326112,39.04084868629489,-121.71571525814277,39.05438591346026,C:\dev\LasReaderApp\Data\0952n0320e5k.las
-121.71596386578685,39.040656174465866,-121.69810642351537,39.054190650124134,C:\dev\LasReaderApp\Data\0952n0322e5k.las
-121.69835843797264,39.04046100612508,-121.68049776099976,39.05399272906102,C:\dev\LasReaderApp\Data\0952n0324e5k.las
-121.68075318214173,39.040263181349815,-121.66288927292082,39.05379215034931,C:\dev\LasReaderApp\Data\0952n0326e5k.las
-121.66314810061728,39.04006270021843,-121.64528096160325,39.053588914068456,C:\dev\LasReaderApp\Data\0952n0328e5k.las
-121.6455431957222,39.03985956281029,-121.62767282937162,39.05338302029896,C:\dev\LasReaderApp\Data\0952n0330e5k.las
-121.6279384697794,39.03965376920586,-121.61006487855033,39.05317446912238,C:\dev\LasReaderApp\Data\0952n0332e5k.las
-121.61033392511152,39.039445319486624,-121.59245711146369,39.05296326062132,C:\dev\LasReaderApp\Data\0952n0334e5k.las
-121.5927295640411,39.03923421373512,-121.57484953043576,39.05274939487943,C:\dev\LasReaderApp\Data\0952n0336e5k.las
-121.57512538889053,39.03902045203494,-121.55724213779057,39.05253287198141,C:\dev\LasReaderApp\Data\0952n0338e5k.las
-121.55752140198203,39.038804034470736,-121.53963493585182,39.05231369201303,C:\dev\LasReaderApp\Data\0952n0340e5k.las
-121.53991760563765,39.03858496112819,-121.52202792694325,39.0520918550611,C:\dev\LasReaderApp\Data\0952n0342e5k.las
-121.52231400217936,39.03836323209404,-121.5044211133883,39.05186736121347,C:\dev\LasReaderApp\Data\0952n0344e5k.las
-121.50471059392888,39.03813884745608,-121.48681449751031,39.05164021055905,C:\dev\LasReaderApp\Data\0952n0346e5k.las
-121.48710738320777,39.03791180730317,-121.4692080816324,39.0514104031878,C:\dev\LasReaderApp\Data\0952n0348e5k.las
-121.46950437233751,39.037682111725175,-121.4516018680776,39.05117793919073,C:\dev\LasReaderApp\Data\0952n0350e5k.las
-121.45190156363932,39.03744976081304,-121.4339958591687,39.05094281865989,C:\dev\LasReaderApp\Data\0952n0352e5k.las
-121.43429895943429,39.03721475465876,-121.41639005722838,39.0507050416884,C:\dev\LasReaderApp\Data\0952n0354e5k.las
-121.41669656204336,39.03697709335537,-121.3987844645791,39.05046460837041,C:\dev\LasReaderApp\Data\0952n0356e5k.las
-121.39909437378729,39.03673677699697,-121.3811790835432,39.050221518801145,C:\dev\LasReaderApp\Data\0952n0358e5k.las
-121.38149239698663,39.03649380567868,-121.36357391644279,39.049975773076845,C:\dev\LasReaderApp\Data\0952n0360e5k.las
